[
    [
        [
            191.6796875,
            188
        ],
        [
            157.6796875,
            667
        ],
        [
            498.6796875,
            651
        ],
        [
            541.6796875,
            168
        ],
        [
            191.6796875,
            186
        ]
    ],
    [
        [
            632.6796875,
            180
        ],
        [
            632.6796875,
            664
        ],
        [
            1048.6796875,
            645
        ],
        [
            1035.6796875,
            153
        ],
        [
            639.6796875,
            177
        ]
    ]
]